col0	col1	col2	col3	col4	col5	col6	col7	col8	col9	col10
176.00506	12.843095999999997	9.150749999999999	12.122256999999998	6.580994	7.120238999999999	3.9267129999999995	3.9332838999999997	1.8709865999999997	-1.3140967	-1.4733614
12.843095999999997	47.91607099999999	6.965349999999999	2.9668764999999997	4.365062099999999	2.6052515999999994	2.3536414999999997	1.3873565999999997	0.5199978	-0.7772477999999999	0.6327271999999999
9.150749999999999	6.965349999999999	13.526547999999998	4.754563099999999	2.218622	2.6439468999999995	1.9781152999999998	0.8199659999999999	-0.09077788999999999	-0.6069777	0.23182096
12.122256999999998	2.9668764999999997	4.754563099999999	6.175959999999999	1.4113959999999997	1.426831	0.8996938999999998	0.5175183999999999	0.6794437999999999	0.08456371	0.37377934999999995
6.580994	4.365062099999999	2.218622	1.4113959999999997	2.7382375999999997	1.4752037999999998	1.3333732999999997	0.9149573999999998	0.4878278299999999	0.0028663088999999996	0.19930259999999997
7.120238999999999	2.6052515999999994	2.6439468999999995	1.426831	1.4752037999999998	1.7965163999999998	1.2547381	0.7902033999999999	0.46974927999999994	-0.0043640918999999995	0.13282919999999998
3.9267129999999995	2.3536414999999997	1.9781152999999998	0.8996938999999998	1.3333732999999997	1.2547381	1.2479957	0.8005228	0.44140130999999994	0.045918389999999996	0.15887857999999996
3.9332838999999997	1.3873565999999997	0.8199659999999999	0.5175183999999999	0.9149573999999998	0.7902033999999999	0.8005228	0.7855287999999999	0.5792094	0.16388392999999998	0.08222787999999999
1.8709865999999997	0.5199978	-0.09077788999999999	0.6794437999999999	0.4878278299999999	0.46974927999999994	0.44140130999999994	0.5792094	0.9988845999999998	0.5815075	0.14504489999999998
-1.3140967	-0.7772477999999999	-0.6069777	0.08456371	0.0028663088999999996	-0.0043640918999999995	0.045918389999999996	0.16388392999999998	0.5815075	0.7567461999999999	0.36096976999999997
-1.4733614	0.6327271999999999	0.23182096	0.37377934999999995	0.19930259999999997	0.13282919999999998	0.15887857999999996	0.08222787999999999	0.14504489999999998	0.36096976999999997	0.5016571
