col0	col1	col2	col3	col4	col5	col6	col7	col8	col9	col10
758.2945999999998	300.78747999999996	182.57791999999998	127.46957999999998	82.97366	33.592243999999994	16.782401999999998	24.877936999999996	6.885235	3.0501470999999993	-4.928419999999999
300.78747999999996	281.07379999999995	144.52794999999998	102.57022999999998	62.74008999999999	24.223052	14.267574999999997	16.917984999999998	3.3131594999999994	0.787283	1.2088740999999998
182.57791999999998	144.52794999999998	158.39691	87.10043999999999	51.38972999999999	24.731328999999995	10.228210999999998	12.948739999999997	5.089776999999999	4.4573879	2.1193283999999997
127.46957999999998	102.57022999999998	87.10043999999999	73.28292999999998	45.49669599999999	20.168840999999997	9.547894999999999	8.901584999999999	2.4531898999999995	0.5147352	0.8441327999999999
82.97366	62.74008999999999	51.38972999999999	45.49669599999999	37.677324999999996	16.105614	7.788598999999999	6.0875639999999995	0.8006060999999999	-0.8661043999999999	0.19130873999999998
33.592243999999994	24.223052	24.731328999999995	20.168840999999997	16.105614	10.341254	5.766074999999999	3.8316039999999996	1.080156	-0.04617514999999999	0.18522538999999996
16.782401999999998	14.267574999999997	10.228210999999998	9.547894999999999	7.788598999999999	5.766074999999999	5.284061999999999	2.9955904999999996	1.1117511999999998	0.12968928	0.15452443999999999
24.877936999999996	16.917984999999998	12.948739999999997	8.901584999999999	6.0875639999999995	3.8316039999999996	2.9955904999999996	3.2193979999999995	1.7768722999999997	0.44895318999999995	-0.28100519999999996
6.885235	3.3131594999999994	5.089776999999999	2.4531898999999995	0.8006060999999999	1.080156	1.1117511999999998	1.7768722999999997	3.0681692999999997	1.9218289999999998	-0.021223173999999997
3.0501470999999993	0.787283	4.4573879	0.5147352	-0.8661043999999999	-0.04617514999999999	0.12968928	0.44895318999999995	1.9218289999999998	2.2108947	0.4119459399999999
-4.928419999999999	1.2088740999999998	2.1193283999999997	0.8441327999999999	0.19130873999999998	0.18522538999999996	0.15452443999999999	-0.28100519999999996	-0.021223173999999997	0.4119459399999999	1.0029515999999998
