col0	col1	col2	col3	col4	col5	col6	col7	col8	col9	col10
1251.2737999999997	902.5505999999999	755.3399	625.0341999999998	417.9327599999999	199.26780999999997	122.42551999999999	46.72017699999999	23.095161375999997	34.775824250999996	-29.853524987999997
902.5505999999999	733.2996999999999	600.4656	493.71419999999995	332.9486299999999	156.16103999999999	100.32700999999999	36.899989	25.801875903999996	33.239144022000005	-6.9644840621999995
755.3399	600.4656	541.1216999999999	464.78655999999995	318.18836	154.06187999999997	93.81049999999998	36.614809	21.899578624	26.292878149999996	-9.658593104999998
625.0341999999998	493.71419999999995	464.78655999999995	419.53162999999995	291.91259999999994	144.98756999999998	86.76527999999999	34.325920999999994	22.33813568	30.80175868	2.5082896502999996
417.9327599999999	332.9486299999999	318.18836	291.91259999999994	208.19805999999997	105.63371	63.797019999999996	24.600842	17.844462496	24.086048391999995	4.379448549
199.26780999999997	156.16103999999999	154.06187999999997	144.98756999999998	105.63371	57.947399999999995	36.33629299999999	15.92598	13.476486463999997	18.310085779999998	6.2826495815999985
122.42551999999999	100.32700999999999	93.81049999999998	86.76527999999999	63.797019999999996	36.33629299999999	27.304073999999996	12.970545	10.04232656	11.918204829999999	5.255481025199998
46.72017699999999	36.899989	36.614809	34.325920999999994	24.600842	15.92598	12.970545	9.681370999999999	7.534038355199998	6.3996602537	4.022496857399999
23.095161375999997	25.801875903999996	21.899578624	22.33813568	17.844462496	13.476486463999997	10.04232656	7.534038355199998	15.135451613184	17.800455124032	8.563816806047999
34.775824250999996	33.239144022000005	26.292878149999996	30.80175868	24.086048391999995	18.310085779999998	11.918204829999999	6.3996602537	17.800455124032	34.213257234569	20.220484927104
-29.853524987999997	-6.9644840621999995	-9.658593104999998	2.5082896502999996	4.379448549	6.2826495815999985	5.255481025199998	4.022496857399999	8.563816806047999	20.220484927104	30.633649762778997
