col0	col1	col2	col3	col4	col5	col6	col7	col8	col9	col10
53.575129999999994	26.806086999999994	23.890047999999997	22.121246	18.538071999999996	13.426391999999998	11.477514999999999	10.119087999999998	12.352203807999997	15.699102209000001	3.3992233694999996
26.806086999999994	26.833281999999997	19.567708999999997	18.743724999999998	15.648590999999998	11.394606999999999	8.848811999999999	7.598968999999999	9.439886847999999	10.94262757	2.0778668000999994
23.890047999999997	19.567708999999997	19.257686	17.897102999999998	15.136883999999998	11.352908	8.649676	6.594371	7.808052	9.681124387899999	0.7656570954899998
22.121246	18.743724999999998	17.897102999999998	17.990153999999997	15.069851999999997	11.349428999999997	8.618070999999999	6.468588	7.565570208	9.675370234599999	0.8765134205099999
18.538071999999996	15.648590999999998	15.136883999999998	15.069851999999997	13.194278999999998	10.129819	7.769096999999999	5.873188999999999	7.0083922272	7.9541189664999985	0.3634671931799999
13.426391999999998	11.394606999999999	11.352908	11.349428999999997	10.129819	8.239202999999998	6.458199999999999	4.716142199999999	5.5475854112	5.833543090199999	0.10786090748999999
11.477514999999999	8.848811999999999	8.649676	8.618070999999999	7.769096999999999	6.458199999999999	5.573651999999999	4.502188599999999	5.179667695999999	5.043598126	0.043182106862999996
10.119087999999998	7.598968999999999	6.594371	6.468588	5.873188999999999	4.716142199999999	4.502188599999999	4.6300688	5.925959961599999	5.642088487	0.3420656175299999
12.352203807999997	9.439886847999999	7.808052	7.565570208	7.0083922272	5.5475854112	5.179667695999999	5.925959961599999	10.157693434470401	9.942900235699199	2.1740501655935995
15.699102209000001	10.94262757	9.681124387899999	9.675370234599999	7.9541189664999985	5.833543090199999	5.043598126	5.642088487	9.942900235699199	14.0797490607585	4.8016559780952
3.3992233694999996	2.0778668000999994	0.7656570954899998	0.8765134205099999	0.3634671931799999	0.10786090748999999	0.043182106862999996	0.3420656175299999	2.1740501655935995	4.8016559780952	7.583514514846199
